val_loss,loss
0.00052007621046772,0.0007712112053267026
0.00016228526021460626,0.0002766025822080661
0.0001310228690336537,0.0001475638853392082
0.00011978579467528585,0.00012814201726503246
0.00011337225915011138,0.00012032386335213788
0.00010765112172922139,0.00011469106162533719
0.00010197740093886464,0.00010914116449846376
9.740917382470618e-05,0.00010401828776255099
9.318604473445048e-05,9.961712643319524e-05
8.013681083753105e-05,9.225962850628923e-05
5.1593854295975506e-05,6.632200562815077e-05
4.614790218917151e-05,5.0321247927558415e-05
4.394291742649982e-05,4.6721171248405764e-05
4.1953394131902174e-05,4.436853599699266e-05
4.0661556381946716e-05,4.229340063596862e-05
4.030455599978697e-05,4.13717446682032e-05
4.011497172633178e-05,4.10004283281907e-05
3.984082042002213e-05,4.0764850631855194e-05
3.977407790246351e-05,4.057693296437385e-05
3.974188248196639e-05,4.046833185523427e-05
3.961954069452527e-05,4.0401213201269513e-05
3.956913390862101e-05,4.0338688988124283e-05
3.9552806381757466e-05,4.0265961618986454e-05
3.952178114019632e-05,4.0216227240056933e-05
3.9502071618881394e-05,4.017464337486416e-05
3.950774292427462e-05,4.013079813082432e-05
3.9464517737088194e-05,4.009228687064777e-05
3.942746995343545e-05,4.0041967728133506e-05
3.939593425514893e-05,3.998725416009758e-05
3.934939646328857e-05,3.9949916141855365e-05
3.924141621916452e-05,3.989972801740059e-05
3.919735692352609e-05,3.984739087459391e-05
3.91808900725587e-05,3.9784620437049614e-05
3.9110237502492516e-05,3.971864495894221e-05
3.9006998249567716e-05,3.962702491923807e-05
3.88406709195298e-05,3.947322902442408e-05
3.854296975935544e-05,3.926178159459389e-05
3.826058766600699e-05,3.897366408850048e-05
3.7858863537751724e-05,3.868972900991258e-05
3.7496243706055995e-05,3.8417043903374915e-05
3.720677412766358e-05,3.815496909908457e-05
3.687252411949138e-05,3.7896522901689977e-05
3.665627182861075e-05,3.765890892315799e-05
3.6355640779600896e-05,3.744372677033581e-05
3.613767622725329e-05,3.7267725514866054e-05
3.590546659004736e-05,3.713342278731721e-05
3.5805334895139384e-05,3.703176357850037e-05
3.57464677266764e-05,3.6952371315465356e-05
3.566268451513876e-05,3.689335253391074e-05
