val_loss,loss
0.00024131342687488638,0.0005822506445733005
0.0001436676541588618,0.00018546888258016072
0.0001103983081298262,0.00012617463117531425
9.902728098898098e-05,0.00010806608232161089
8.412272446464331e-05,9.55076421385636e-05
6.219817520996901e-05,7.403455416471031e-05
5.567528366073125e-05,5.887884583781334e-05
5.225490714743691e-05,5.4567476780387084e-05
5.0211238874306875e-05,5.208491621121646e-05
4.792006988511805e-05,5.0023993205351085e-05
4.5589204204552485e-05,4.800392645538283e-05
4.297885837288312e-05,4.5901344200488586e-05
4.0574911665017575e-05,4.346969465338467e-05
3.826493259158385e-05,4.143465757428715e-05
3.612740890891982e-05,3.962030202849229e-05
3.471513146693278e-05,3.7947203012358126e-05
3.356899388184704e-05,3.650552778537705e-05
3.243505310443063e-05,3.527580975166134e-05
3.126139175320372e-05,3.407494537479401e-05
3.0007185096933958e-05,3.285045837617245e-05
2.868344457518269e-05,3.1476467682433506e-05
2.7367784732864343e-05,2.9818824051075367e-05
2.6426133534584036e-05,2.8185405481047493e-05
2.5991028375279478e-05,2.696898870491642e-05
2.5366888303274878e-05,2.599374128969627e-05
2.467886383658273e-05,2.5268074893981878e-05
2.3937032770618526e-05,2.4680669468720875e-05
2.327996223765195e-05,2.4177625602288952e-05
2.2727319963477623e-05,2.3738211056997e-05
2.2224860922952553e-05,2.3348234009311227e-05
2.1930172947714647e-05,2.300253508720524e-05
2.1690275131321043e-05,2.2684595957707024e-05
2.1543809570892495e-05,2.2406329441008712e-05
2.1280600952354658e-05,2.2156314142785077e-05
2.1114812664644476e-05,2.1940975377322218e-05
2.0968888521049023e-05,2.1727455777321653e-05
2.0874636347293666e-05,2.1526616669191602e-05
2.0704849026477714e-05,2.1359741740660653e-05
2.0588955920065323e-05,2.120901827226951e-05
2.0426827881444534e-05,2.1063394724768e-05
2.0241427001034037e-05,2.0944506671837798e-05
2.0026677493849827e-05,2.0830288768384793e-05
1.9826766675198834e-05,2.0693302387826072e-05
1.9628900572088456e-05,2.0494533170818724e-05
1.9428235818338067e-05,2.0366246730806648e-05
1.9235778883183886e-05,2.0216385289153766e-05
1.9093866219600228e-05,2.0071767031046756e-05
1.8932455233124032e-05,1.9934392794429533e-05
1.8755465765495155e-05,1.9808379238791484e-05
