val_loss,loss
0.0002341304320113682,0.0006558485696579068
0.00013829769544012216,0.0001867578672382919
0.00012036149157569148,0.00013593642586166597
0.00011162947041636498,0.00012445956858982583
0.00010119722129482346,0.00011314761704497805
9.361864354862182e-05,0.000101272648850307
8.819880491701138e-05,9.43703013413604e-05
7.924158109270462e-05,8.719164717497831e-05
5.7212109671082986e-05,7.18688041880203e-05
4.7352273837386255e-05,5.299675962345857e-05
4.3524332334076205e-05,4.69580606199182e-05
4.097450030585461e-05,4.345767004779661e-05
3.8995496566882084e-05,4.0943432276728265e-05
3.7504096098992105e-05,3.902023496056525e-05
3.629779128858758e-05,3.765102590295522e-05
3.5319899520764385e-05,3.664260483428224e-05
3.4385499949113504e-05,3.5738238308699674e-05
3.358306058693446e-05,3.489077200401216e-05
3.286094619490042e-05,3.413706683127626e-05
3.215212793837579e-05,3.340778261548962e-05
3.1508206918703794e-05,3.266330720419111e-05
3.084975134693064e-05,3.189208363601557e-05
3.018016504611166e-05,3.1111484488408655e-05
2.9335771525370836e-05,3.0344175293679474e-05
2.85077059058344e-05,2.9540040902246032e-05
2.788491141586897e-05,2.8846561450377114e-05
2.7453385356894733e-05,2.8281984836723117e-05
2.7080196295275622e-05,2.7834648624253376e-05
2.6733769803948274e-05,2.743617756381223e-05
2.6413112297659266e-05,2.7090820813054088e-05
2.6108032611504285e-05,2.6804568847135743e-05
2.5792403029106694e-05,2.6505664856126077e-05
2.5666762230170262e-05,2.6261398811159252e-05
2.5486506030266575e-05,2.6047995808047194e-05
2.5348554607302624e-05,2.5872658095936922e-05
2.522561878489038e-05,2.573693322323535e-05
2.5073018693263265e-05,2.5604991153015606e-05
2.495713193331726e-05,2.5495248803950003e-05
2.4843863568441822e-05,2.5405697307623896e-05
2.4754751710174366e-05,2.5328157014194268e-05
2.4679815662945693e-05,2.5262881502916044e-05
2.4597520515759457e-05,2.5201930889185873e-05
2.4533247058328406e-05,2.5153468316632315e-05
2.44779688765958e-05,2.5100766282190516e-05
2.441325331159316e-05,2.5063890713178924e-05
2.4367894815769166e-05,2.5020019966900984e-05
2.4324726493295887e-05,2.4986978287913156e-05
2.42681599462785e-05,2.4952966601535084e-05
2.42201746830171e-05,2.4919341304237995e-05
