val_loss,loss
0.0008956448629196207,0.002120792153663926
0.00048405713427188157,0.0006346412561859436
0.0003660428380243538,0.000409066020784316
0.0003127756148724257,0.0003287611116782932
0.0002839012836533885,0.00028950112105803925
0.00026597994591479756,0.0002670918817978241
0.00025407598784280905,0.00025298208884357677
0.0002453354293916747,0.00024297842909197563
0.00023799352847566317,0.00023532269791557185
0.00023104732554547405,0.00022880393023480002
0.00022354815324305763,0.00022248484373610746
0.00021533992185943763,0.00021579712490764455
0.00020561104810933799,0.00020811441482011196
0.0001939420165626931,0.0001985073719827483
0.00018011883894005086,0.00018661188325360718
0.00016589239546478763,0.0001730283247690792
0.0001530561574218755,0.0001605951785634071
0.00014198415058059154,0.00014937807685502002
0.0001285966952383956,0.0001366654519613504
0.00010962915162113641,0.00012006918617622005
9.214674643764548e-05,0.00010088576663659879
8.252196250570451e-05,8.68818946699604e-05
7.781904290023077e-05,8.01935559303655e-05
7.530186839964439e-05,7.674318523606151e-05
7.328303442714668e-05,7.465270527816183e-05
7.162980752575708e-05,7.303455059043531e-05
7.019084133958963e-05,7.176102952809699e-05
6.904168026281192e-05,7.068755093318961e-05
6.820387012937546e-05,6.988314085129476e-05
6.761183480292788e-05,6.931881454180857e-05
6.724290931391886e-05,6.895921632610686e-05
6.696482069532397e-05,6.87393101219988e-05
6.675109452439361e-05,6.857391928266694e-05
6.658676843974722e-05,6.84407499749558e-05
6.64494834079015e-05,6.832589890908109e-05
6.631358945193518e-05,6.822632202226207e-05
6.619029294312893e-05,6.813765749395096e-05
6.608122156824118e-05,6.805828773286845e-05
6.596753347108335e-05,6.798924119254028e-05
6.586768364352711e-05,6.792127019421228e-05
6.576763531732723e-05,6.786624324865762e-05
6.567765649547586e-05,6.780075250161555e-05
6.559078733852772e-05,6.774324119163798e-05
6.550512522627575e-05,6.767607273446075e-05
6.54502962653652e-05,6.760459641994534e-05
6.541268751994934e-05,6.753372084480754e-05
6.53637000367867e-05,6.746487133954115e-05
6.530646264463423e-05,6.740260862356325e-05
6.524024533482802e-05,6.734399546261002e-05
6.517846248452154e-05,6.729121545697288e-05
6.512086430403356e-05,6.723187966636764e-05
6.504335081666693e-05,6.716841969924337e-05
6.496549203825996e-05,6.71054720955026e-05
6.488909638113562e-05,6.705052276130437e-05
6.481422256739052e-05,6.699643751786838e-05
6.473997613720398e-05,6.694871477607574e-05
6.46707861799707e-05,6.690218773948831e-05
6.460168618219184e-05,6.686177207381666e-05
6.452861330828608e-05,6.682100660709088e-05
6.445917102740646e-05,6.678337416063421e-05
6.438698550595227e-05,6.674808979912645e-05
6.432633486600363e-05,6.671676115022683e-05
6.426392538484601e-05,6.668623111988958e-05
6.420520419636216e-05,6.665548210472373e-05
6.414329851859149e-05,6.662667787127068e-05
6.409136687881241e-05,6.660119201259313e-05
6.403928230423586e-05,6.657582711299985e-05
6.398442917961894e-05,6.65528563829887e-05
6.39327685883677e-05,6.65311809474244e-05
6.388373437665336e-05,6.65110551021389e-05
6.383679177539951e-05,6.649251034088407e-05
6.379282944080857e-05,6.647477908281745e-05
6.374651901198941e-05,6.645547242591847e-05
6.370682738000487e-05,6.644035833534372e-05
6.366649591139285e-05,6.642628551215014e-05
6.362407760674606e-05,6.641252525025628e-05
6.35869062350764e-05,6.639965690720753e-05
6.355085718709396e-05,6.638651139636209e-05
6.35186802131364e-05,6.637512293664676e-05
6.348628390717383e-05,6.636342933746245e-05
6.345513171225202e-05,6.6352633317486e-05
6.342679020357209e-05,6.63430646160769e-05
6.339736879898426e-05,6.633351349180905e-05
6.336995828694121e-05,6.632380244805613e-05
6.33434978416215e-05,6.631508573707615e-05
6.331872102168076e-05,6.630709882679701e-05
6.329337132588725e-05,6.629991411382486e-05
6.32681927043693e-05,6.629323383370503e-05
6.324426901887802e-05,6.62871281180136e-05
6.322137724965588e-05,6.628089629457298e-05
6.319904649311668e-05,6.627555997899885e-05
6.317750986377496e-05,6.62703746259856e-05
6.315702526411066e-05,6.626562104716075e-05
6.313715950458306e-05,6.62609889987804e-05
6.31180117235667e-05,6.625676104123688e-05
6.309959454271901e-05,6.62527831854587e-05
6.30818548486412e-05,6.62490466559353e-05
6.306488563313247e-05,6.624554330246942e-05
6.304843727895351e-05,6.624230672369655e-05
