val_loss,loss
0.000934103469365206,0.0011887825206175517
0.00015775649183256515,0.0003630725575638632
0.00012004668430445282,0.00014095998843574356
0.00010650887375770649,0.00011998544366356388
8.30597583123683e-05,0.00010076561084692815
5.9955288060324066e-05,7.420724900545742e-05
5.312172987505287e-05,6.000985958388512e-05
4.873581777772888e-05,5.4064287321298836e-05
4.464263990032004e-05,4.961748352307198e-05
4.1636167492747e-05,4.637433908265147e-05
4.016211195133915e-05,4.397109649473668e-05
3.923059691552256e-05,4.2525194542067084e-05
3.836943512976143e-05,4.136953936429505e-05
3.7744277711218615e-05,4.043972876164363e-05
3.703325238409495e-05,3.982890439109034e-05
3.650489975413828e-05,3.8999223242009545e-05
3.607514460589715e-05,3.829573137506875e-05
3.584741436590569e-05,3.734890998509049e-05
3.4848495007025376e-05,3.6174969468433106e-05
3.3173255642231677e-05,3.4362630221890544e-05
3.2471161450062576e-05,3.3314014942620796e-05
3.208023235346706e-05,3.2786032753189274e-05
3.1698417660327513e-05,3.233816084593961e-05
3.139549662941372e-05,3.1892329348079786e-05
3.0628222233153746e-05,3.14839245494131e-05
3.0025085334801415e-05,3.105366835419012e-05
2.953415152629089e-05,3.054215640971082e-05
2.9515039628281862e-05,3.0273622861386443e-05
2.9082152894386842e-05,2.9876042985959644e-05
2.8695752742159768e-05,2.9682547290267137e-05
2.840984905227878e-05,2.9452995316907762e-05
2.824318838466436e-05,2.9252286205368247e-05
2.808737734639425e-05,2.9092066182601268e-05
2.7902722959889154e-05,2.893417726725569e-05
2.774529816611614e-05,2.879969269332741e-05
2.7507439020609067e-05,2.863287600137806e-05
2.715431265648361e-05,2.839507288203552e-05
2.7352369943356976e-05,2.8071644152757213e-05
2.712283659961266e-05,2.7759371022466944e-05
2.6818064056899504e-05,2.7403063880321922e-05
2.6539798348050094e-05,2.7069710469477677e-05
2.61176190719193e-05,2.6700465847562967e-05
2.588443409440841e-05,2.6296405364663345e-05
2.582398298544746e-05,2.5959698991915652e-05
2.5505195350694382e-05,2.5609714409600483e-05
2.4980519146249977e-05,2.525409561953333e-05
2.4471485395468096e-05,2.4947266962108077e-05
2.392508706698244e-05,2.4617078652844554e-05
2.3500018710139373e-05,2.425452577560593e-05
