val_loss,loss
0.00013196878248360533,0.0003202456530871358
0.00011777677799178341,0.00012454513300025552
0.00011065482958538791,0.00011597975423943878
9.824026702061029e-05,0.00010544348591378149
9.499086345264873e-05,9.979777949768186e-05
8.841478980818786e-05,9.53348722629946e-05
5.182175870557324e-05,7.553035447597539e-05
4.457180834517674e-05,4.861743207328095e-05
4.045518390930972e-05,4.3665561817154325e-05
3.7557040987658756e-05,4.051961870305203e-05
3.563398173686073e-05,3.805020236985758e-05
3.412670288056014e-05,3.604843714604107e-05
3.232299712629818e-05,3.408688147587984e-05
3.087011659846205e-05,3.2102574241479846e-05
2.997621696128722e-05,3.062150876825707e-05
2.9136965369940484e-05,2.9595203958665743e-05
2.8155101422190793e-05,2.880568462779285e-05
2.720343323607001e-05,2.810968092040574e-05
2.6371949703274395e-05,2.7453610311301205e-05
2.584464242654604e-05,2.6876825432791262e-05
2.543891480365635e-05,2.6356766556043423e-05
2.5086378250665168e-05,2.5845306167304367e-05
2.4371038484516576e-05,2.5261334150812364e-05
2.3567299214267587e-05,2.463832417564749e-05
2.2581153388492682e-05,2.38714823303614e-05
2.1752648394438348e-05,2.3051970074828798e-05
2.122688490583923e-05,2.2316768099389967e-05
2.088773168469516e-05,2.1744347201333728e-05
2.0446233708517525e-05,2.126859698613072e-05
1.9963408287680932e-05,2.078773164783794e-05
1.9550232609313373e-05,2.0333109164230566e-05
1.9221928434799454e-05,1.9915148583520472e-05
1.8954549529898686e-05,1.9541650819501066e-05
1.8670218253376776e-05,1.9193678599390233e-05
1.8423859427053513e-05,1.887580836457568e-05
1.8083002128176612e-05,1.8584662211424795e-05
1.7726811017319728e-05,1.8302348423733386e-05
1.740306721550047e-05,1.804740806076372e-05
1.711046118867893e-05,1.7829432332312357e-05
1.685851426254895e-05,1.7614756394015775e-05
1.6639200875198766e-05,1.743108063841924e-05
1.6453361026561792e-05,1.7316065962771908e-05
1.632166468848546e-05,1.7187874361558837e-05
1.623178066574331e-05,1.70962569419634e-05
1.6128408062814278e-05,1.7016211919345974e-05
1.60562863543969e-05,1.6945966157509172e-05
1.5951381881780677e-05,1.6887737661011155e-05
1.5822955892901293e-05,1.6837282187422743e-05
1.5766047625997138e-05,1.6779866938227525e-05
