val_loss,loss
9.588691082367075e-05,0.00010521557129724809
8.29998354913322e-05,8.858011728616668e-05
8.122751808507824e-05,8.447422729025758e-05
7.939626280293334e-05,8.272865452294224e-05
7.784136315228726e-05,8.12736035129568e-05
7.729695776588383e-05,7.98928777195225e-05
7.713787323475797e-05,7.888538881101924e-05
7.602262666540317e-05,7.859405459049463e-05
7.571657158944543e-05,7.845310046777962e-05
7.59512783901981e-05,7.785082434433007e-05
7.538340230254576e-05,7.735397223548509e-05
7.537489161676691e-05,7.806487750411389e-05
7.516460165437648e-05,7.690600014877648e-05
7.503799277763982e-05,7.726547840667299e-05
7.513229032187049e-05,7.698995515299013e-05
7.489397683428036e-05,7.703875354066866e-05
7.523883149189202e-05,7.715355423034373e-05
7.49050858037413e-05,7.662232687897144e-05
7.479957035628049e-05,7.659583509188698e-05
7.488001009391648e-05,7.674859005099905e-05
7.47660675781845e-05,7.676262081143699e-05
7.537594297143926e-05,7.701297915093626e-05
7.49324568417445e-05,7.641670751653644e-05
7.468541128408038e-05,7.651748663826292e-05
7.500305305713692e-05,7.657656700055676e-05
7.511295444798717e-05,7.682938248402966e-05
7.4816711487369e-05,7.639012499485602e-05
7.463653242734107e-05,7.639802005048423e-05
7.47840143188352e-05,7.635894467256828e-05
7.51238006026881e-05,7.666342455534643e-05
7.462588687692431e-05,7.633164327828827e-05
7.476169930339023e-05,7.636283611579242e-05
7.471530797340691e-05,7.62937337771011e-05
7.472651894489753e-05,7.637546282840922e-05
7.470855352463894e-05,7.650204312477932e-05
7.456266300167636e-05,7.647105694846585e-05
7.506439212976739e-05,7.62138091465788e-05
7.469109551402978e-05,7.618324498302086e-05
7.473662530412758e-05,7.61646771219499e-05
7.46584461189909e-05,7.63264318745976e-05
7.50078415728067e-05,7.640247180935218e-05
7.449054532619662e-05,7.621971613232431e-05
7.517001476914268e-05,7.645141223595192e-05
7.450283814680778e-05,7.616057155066845e-05
7.450124790890255e-05,7.603203538903126e-05
7.451132235469867e-05,7.612620418906104e-05
7.471561852598246e-05,7.609006499118428e-05
7.441746725180246e-05,7.616192881206321e-05
7.455978536818997e-05,7.617224348320578e-05
