val_loss,loss
0.00010824998354939137,0.00046312066276034376
0.00010723421012211041,0.00010918897564668519
0.00010191742515064694,0.00010634605484525785
9.975053561619328e-05,0.0001042670841152337
8.032733289722809e-05,9.149076881944956e-05
7.98015871803872e-05,8.114045559066383e-05
7.853966342395603e-05,7.97636780220647e-05
7.643755425202698e-05,7.933708233198876e-05
7.680959745999202e-05,7.839541206855384e-05
7.622672380931358e-05,7.806077301700079e-05
7.581374949985061e-05,7.798316088236497e-05
7.548529507150392e-05,7.756617442572629e-05
7.540116340757414e-05,7.723501564112605e-05
7.527348410466918e-05,7.768929512605893e-05
7.523353950387807e-05,7.701983255143607e-05
7.531412619924649e-05,7.711969175836946e-05
7.52907269377298e-05,7.705672152363479e-05
7.506988217947236e-05,7.713449777862436e-05
7.522734888435803e-05,7.681973427635868e-05
7.50070767652262e-05,7.742147318708214e-05
7.581210487957993e-05,7.653646705463459e-05
7.526370969364084e-05,7.671886756023801e-05
7.504456756737094e-05,7.669013680892809e-05
7.551704924124592e-05,7.650008786691167e-05
7.561328745407756e-05,7.661667259257704e-05
7.480679142967852e-05,7.608026779017403e-05
7.479869061933583e-05,7.587156351315199e-05
7.339225018105895e-05,7.572987134345388e-05
7.323542449947404e-05,7.516844863998432e-05
7.407944473915474e-05,7.50536971861229e-05
7.339620143430893e-05,7.524205904800738e-05
7.306554937694107e-05,7.472580453356167e-05
7.31727426165351e-05,7.478109955551833e-05
7.31048698644015e-05,7.486914698919293e-05
7.374197476118993e-05,7.48967757659184e-05
7.304863061425465e-05,7.485210442482173e-05
7.294641464146282e-05,7.463858245423464e-05
7.332463346811613e-05,7.483790533847461e-05
7.28402191459612e-05,7.467385763171415e-05
7.313921574404948e-05,7.473768198034069e-05
7.298948892205965e-05,7.464195464480473e-05
7.28861629026311e-05,7.46850364531046e-05
7.283275309221964e-05,7.452571941047575e-05
7.30845535234253e-05,7.455495204194504e-05
7.292089209764776e-05,7.467664904034706e-05
7.302438865798919e-05,7.451863669176608e-05
7.280096136644047e-05,7.450401854728535e-05
7.28172790702202e-05,7.450572658403006e-05
7.269911199177431e-05,7.44657138380759e-05
