val_loss,loss
0.00010278699239614675,0.00010684077724203226
9.645658647623899e-05,0.00010359001527225032
8.14605102287288e-05,8.928746946828048e-05
7.95727312576445e-05,8.28019181598633e-05
7.81454051480879e-05,8.13580841249994e-05
7.731541810655314e-05,8.039641975542708e-05
7.674075058525787e-05,7.957591626087686e-05
7.70752630886843e-05,7.88709734338673e-05
7.670400711131604e-05,7.84515770801377e-05
7.625655275815576e-05,7.811049530214356e-05
7.596720576936938e-05,7.798117599908711e-05
7.591086925991582e-05,7.794393750861352e-05
7.557712225601553e-05,7.770960871685687e-05
7.554677536684819e-05,7.740719290372695e-05
7.550446181322425e-05,7.828811717664e-05
7.621497342729592e-05,7.736129125262386e-05
7.655495421104523e-05,7.722865774390395e-05
7.529401516199429e-05,7.733922783891176e-05
7.56165765872884e-05,7.721525310816732e-05
7.564791609207866e-05,7.707586934627025e-05
7.566691269998179e-05,7.70266651047668e-05
7.564691295104418e-05,7.707397960061686e-05
7.499374803354951e-05,7.689188206748857e-05
7.567803671443502e-05,7.687359085180574e-05
7.553951692370603e-05,7.692145109832133e-05
7.497815654631916e-05,7.684718061225458e-05
7.512090806546459e-05,7.688846016531075e-05
7.525590283093291e-05,7.647881155828032e-05
7.45847467706998e-05,7.627962434709573e-05
7.535534783749076e-05,7.601397602913743e-05
7.403464173150439e-05,7.609325260882023e-05
7.509777316110913e-05,7.548783156597818e-05
7.507982832491745e-05,7.554880991550904e-05
7.478512906140228e-05,7.532126022495814e-05
7.45672226476965e-05,7.53018468674504e-05
7.481773175976107e-05,7.50959252882476e-05
7.50846097216773e-05,7.49803126772995e-05
7.58881213488278e-05,7.499949861408694e-05
7.467936621705236e-05,7.49769234102656e-05
7.502767020411258e-05,7.489034970477991e-05
7.379499487840066e-05,7.502596856579217e-05
7.55923438295717e-05,7.485117674492148e-05
7.381924000223302e-05,7.485171936776588e-05
7.311790583814539e-05,7.502476549686395e-05
7.381433766472155e-05,7.483722385324036e-05
7.446070341200098e-05,7.469630256161505e-05
7.471752905692886e-05,7.473891609273515e-05
7.33754574823295e-05,7.46452888953319e-05
7.370989133411347e-05,7.473208432065293e-05
