val_loss,loss
0.00010330559156734128,0.00012829784682642667
0.00010139180046083155,0.00010413785788340232
9.544968575800805e-05,9.930008717114053e-05
9.211593393689379e-05,9.477315661843417e-05
8.831819594143595e-05,9.126779232602699e-05
8.476039259904569e-05,8.792585682671125e-05
8.247802786351926e-05,8.568342327999877e-05
8.19519132416773e-05,8.47991974652715e-05
8.130209534364768e-05,8.338853881215583e-05
8.066278245181378e-05,8.366649226418008e-05
8.056186337262456e-05,8.244854937376303e-05
8.089469962602655e-05,8.242405460848899e-05
8.059238866006052e-05,8.204120132451661e-05
7.98862844086932e-05,8.190508436786069e-05
7.977991344794194e-05,8.165580616948387e-05
7.97614012487833e-05,8.156798495355894e-05
7.999796627366141e-05,8.1414180022736e-05
7.953116874843369e-05,8.147663610106427e-05
7.956201579878351e-05,8.170520684884485e-05
7.963913973317859e-05,8.111567692708311e-05
7.943603488582402e-05,8.102579298511963e-05
7.955746908097522e-05,8.101631334320454e-05
7.930452456209766e-05,8.097998387527812e-05
7.920062973556537e-05,8.111275165924184e-05
7.942310630578771e-05,8.089334589655344e-05
7.928971854869424e-05,8.077145835036564e-05
7.927976502756479e-05,8.0587218327487e-05
7.933545553673916e-05,8.063456963670799e-05
7.914599837349434e-05,8.046250391353094e-05
7.99305302924759e-05,8.058246220151688e-05
7.922214824407208e-05,8.049805444861559e-05
7.91356202846357e-05,8.043710081788902e-05
7.904930962245285e-05,8.030602612250886e-05
7.935268015256132e-05,8.040959215329667e-05
7.90500104809198e-05,8.029832814170818e-05
7.874629416077218e-05,8.043383198404036e-05
7.878738487681727e-05,8.060579119706867e-05
7.88037826196402e-05,8.030737584168071e-05
7.866632840151656e-05,8.036070096082085e-05
7.868561397539677e-05,8.027324525891075e-05
7.979378138806012e-05,8.016108015817467e-05
7.872595186042859e-05,8.024342905384554e-05
7.882883810014453e-05,8.032559384067806e-05
7.871897258021278e-05,8.016956046944551e-05
7.861707071126276e-05,8.014036207470884e-05
7.860603136071682e-05,8.018625887824974e-05
7.874078959219926e-05,8.01431685261938e-05
7.852414686981833e-05,8.031560234827775e-05
7.859331697441453e-05,8.004929193403419e-05
