val_loss,loss
0.0001353595612205295,0.0001391727332562552
0.0001313451590000125,0.00013350449048890028
0.00013288996226367965,0.0001322416283998745
0.00013228171958204937,0.00013111545878222484
0.00013155136240300728,0.0001308343741252683
0.0001304585193996282,0.0001306633975368729
0.00013035350914553605,0.00013043110979704068
0.00013077595589444635,0.00013055471751144632
0.0001304953331659128,0.00013031263778397458
0.00013179887354127146,0.00013058581137511655
0.00013195964445327575,0.00013050114754271892
0.00013258650574591015,0.00013034130025429435
0.00013230856278037496,0.00013101699958460654
0.00013142291905685988,0.00013033320784048882
0.00013535095580050524,0.00013048120778829937
0.00013017649858643022,0.00013010140493840847
0.00013099079714553954,0.00013021440880270224
0.00013049449323049617,0.00012994660914456037
0.0001304501331960054,0.0001298902185210339
0.00013087522204942252,0.00012987696165032688
0.0001306559150520192,0.0001301903166717186
0.00013089777663687072,0.0001297670629339721
0.00013045768499648263,0.00013093111378413095
0.0001310151844882025,0.00012981504200011815
0.00013138286108307478,0.00012975186184962967
0.0001312700085450978,0.00012952598147313762
0.0001293269941930785,0.00012963041372953698
0.0001302788341345361,0.00013093499347157457
0.0001316347407078319,0.00013111718407197867
0.00012973792370029718,0.00013010896110545966
0.0001321810744054306,0.00013009045424081653
0.00013053902344750969,0.00013043504235735643
0.00013039943782613668,0.00012997165045458838
0.00013064065426494754,0.0001292578408743783
0.00012980813917289643,0.00012954811946597458
0.00013000524887867606,0.0001298771041258406
0.00013160807341568823,0.00012966128244616662
0.0001306254709271018,0.00013044611688382244
0.0001304129306768918,0.0001294283979150944
0.00013021443571330148,0.0001299465649612735
0.0001292011025584703,0.00012917814233724136
0.0001316572174581401,0.00012984944357212645
0.00012943663422589587,0.00012915356582810612
0.00013264765815622923,0.00012977409805190832
0.00012897819671662316,0.00013081015566187372
0.0001331357436135071,0.00012962456350392454
0.000131260298684931,0.00012985887137650614
0.00012965775512100957,0.00012944152791443062
0.00012939685917247868,0.0001294095714512726
0.0001317420589478293,0.00012935770980534138
0.00013117057003939045,0.000129983116031233
0.00013021091761663756,0.0001294696519895789
0.00013054281521625928,0.000128784066993102
0.0001309457507138158,0.00012888698824766113
0.00012920607950101301,0.0001310323648130455
0.00013079957061634266,0.0001295774485365338
0.00013049947643618113,0.00012918595878706033
0.0001306811590360931,0.00012868106935240653
0.00013028542015744936,0.00012973050873644703
0.0001296268615270057,0.00012964162601676008
0.00013120877793798327,0.00012878099321388074
0.00013001888961460236,0.00012877074517031415
0.00012920817084333754,0.00012871788165345189
0.00013023689489444234,0.00013000138459170725
0.0001293852224853683,0.00013093546511737126
0.00012990216057819656,0.00012900005046977096
0.00012943801326809022,0.00012927888378249766
0.00013093300245382522,0.00012953944840172295
0.00012975289651512674,0.00012855306637553848
0.0001296858119560014,0.00012876873362723697
0.00013014964634533978,0.0001300583069744624
0.00012945331770063172,0.00012882610598948977
0.000129834228746684,0.00012866362230601035
0.00012987793276326453,0.00012971204242396314
0.00012963738963279827,0.00012924022735048648
0.00012946568675792922,0.0001286715970570076
0.00012969624371267566,0.00012848058873476113
0.00012977597888406034,0.0001287148020621427
0.000129178937557481,0.00012859969030885215
0.00013038105224358668,0.00013037264490156546
0.0001296154352974028,0.00013052668381083972
0.00012926714742955822,0.00012937793007122099
0.00012954213949943353,0.0001284971384159062
0.00012951737597775197,0.00012830837256275137
0.00012985364973223398,0.00012813335853725444
0.00012960305843429817,0.0001280842984758511
0.00012984151692102213,0.00012809266434782256
0.00012983451332018237,0.00012804440891917942
0.00013002246141167407,0.0001298358158022863
0.00013045353570455495,0.00012892602941762658
0.00012946653616641274,0.0001287484670028195
0.0001297656244661464,0.0001283927360089745
0.0001299756559117089,0.00012898750241687137
0.00012966430665039899,0.0001282061014832885
0.0001297816391513511,0.00012857108476445092
0.00013022749523579165,0.00012865593746058855
0.00012980202763567314,0.00012948615610863627
0.0001298262646770512,0.00012834872221583596
0.00013007488155021744,0.00012846675286020111
