val_loss,loss
9.359740270187619e-05,0.00010105156263237132
8.333576815382797e-05,9.13610952057653e-05
8.036651838626853e-05,8.342440923383361e-05
7.973262308783804e-05,8.093063168197009e-05
7.766108146203891e-05,7.971467142090197e-05
7.779140878273103e-05,7.908478219957415e-05
7.863009328155743e-05,7.864842658043051e-05
7.613901703185654e-05,7.858000158900795e-05
7.612347449320042e-05,7.847202108776977e-05
7.596119583510651e-05,7.723830283480215e-05
7.548918024920892e-05,7.816707565184819e-05
7.550166394533679e-05,7.753470339866426e-05
8.078310629559142e-05,7.704322026319794e-05
7.82838004163838e-05,7.689708138350159e-05
7.701647025115163e-05,7.68882736353884e-05
8.021765330624978e-05,7.728322735595077e-05
7.839741240173002e-05,7.6661229100346e-05
7.550708333557621e-05,7.596328981386452e-05
7.368494811754955e-05,7.556058557134565e-05
7.362429937885183e-05,7.530198401377112e-05
7.378619032775144e-05,7.589536032305505e-05
7.369451581785878e-05,7.528451831221452e-05
7.342115266937062e-05,7.516612366316381e-05
7.43018109770939e-05,7.49495203564536e-05
7.311453230920738e-05,7.50427202307106e-05
7.333150388738373e-05,7.481745470823252e-05
7.306478071832918e-05,7.510946574404771e-05
7.33051440829036e-05,7.459268976841477e-05
7.375569104091888e-05,7.497540283238223e-05
7.328648567586402e-05,7.446723747570305e-05
7.303666342016427e-05,7.45465033552188e-05
7.327960878898105e-05,7.456030984144228e-05
7.278391375066538e-05,7.44616981772808e-05
7.272640093829368e-05,7.446182990090758e-05
7.293758854135677e-05,7.428173431133834e-05
7.287076599425969e-05,7.424886975546171e-05
7.270982495015548e-05,7.428993882826915e-05
7.293621910137683e-05,7.450576158335896e-05
7.263640628525793e-05,7.427117463566481e-05
7.253476358855608e-05,7.440345044279003e-05
7.255710415481053e-05,7.430634769179119e-05
7.28168148679848e-05,7.53085838350485e-05
7.257438880876181e-05,7.440948312609833e-05
7.261647358105714e-05,7.4211394715209e-05
7.303621937062646e-05,7.428401128930574e-05
7.270577577636077e-05,7.424361649788169e-05
7.254206999879755e-05,7.434494659841916e-05
7.245092967649986e-05,7.41107877614888e-05
7.268614128084633e-05,7.414778234108839e-05
