val_loss,loss
9.612428460086724e-05,0.00010823077120034212
8.603336477377029e-05,9.256336804552078e-05
8.063794237460395e-05,8.547181024290068e-05
7.943325404682188e-05,8.368648679294993e-05
7.811984123140009e-05,8.173906535352451e-05
7.849169650757121e-05,8.019940559317788e-05
7.73592113583076e-05,8.002236745057977e-05
7.68518947285948e-05,7.865970196305716e-05
7.647913855658092e-05,7.866847953668437e-05
7.62103186453448e-05,7.859483986629337e-05
7.559293348958358e-05,7.786091587962257e-05
7.529243045766377e-05,7.771210764184794e-05
7.486231608911314e-05,7.697105584615594e-05
7.536415855289728e-05,7.728630413492802e-05
7.4945384050917e-05,7.623456194242794e-05
7.491941689313719e-05,7.629104277670714e-05
7.410991874892697e-05,7.608906286273708e-05
7.387177662681694e-05,7.567262499273549e-05
7.412632806179575e-05,7.55057636193834e-05
7.356440798659349e-05,7.539109015807633e-05
7.334853683579525e-05,7.544459039183312e-05
7.339244240405734e-05,7.520967493377774e-05
7.334625816755843e-05,7.53528581347918e-05
7.485633725100526e-05,7.496778215907094e-05
7.368047363618671e-05,7.500764641945964e-05
7.318914228535229e-05,7.503495974280896e-05
7.341157508581274e-05,7.48823068309162e-05
7.318085086863544e-05,7.502400897545558e-05
7.320298233264681e-05,7.492119762207667e-05
7.31468703680098e-05,7.478927548270821e-05
7.313463770469293e-05,7.486321901174402e-05
7.297966338669401e-05,7.493784357804758e-05
7.29510299285234e-05,7.47767660490341e-05
7.318987696598557e-05,7.491711114903061e-05
7.314364907374098e-05,7.473776527823171e-05
7.334952070695263e-05,7.474178428927851e-05
7.311523899481857e-05,7.470317866130722e-05
7.327990920983744e-05,7.468696000074823e-05
7.294416511396059e-05,7.468389729194634e-05
7.297995402812817e-05,7.474865230901972e-05
7.306637159093621e-05,7.463430309713138e-05
7.308957018804822e-05,7.460219329793358e-05
7.308412853609582e-05,7.464595174131982e-05
7.285621104529128e-05,7.473352791057771e-05
7.299407438352713e-05,7.451447165846184e-05
7.287205700795496e-05,7.459725608254276e-05
7.305851447539442e-05,7.465152061601331e-05
7.291074031276036e-05,7.448697255231432e-05
7.280333630118585e-05,7.458540119347195e-05
