val_loss,loss
0.00010359629661178762,0.00011867036592105706
9.587694625628905e-05,0.00010248776241987128
8.936555392633314e-05,9.62538924901408e-05
8.357601978750241e-05,9.046275008736139e-05
8.403159571562263e-05,8.559190688714752e-05
8.354954129893972e-05,8.539210958922598e-05
8.183278508232718e-05,8.416700175491611e-05
8.233845308293692e-05,8.38271429241441e-05
8.144476617077328e-05,8.360189369780005e-05
8.182538433101574e-05,8.303919150623967e-05
8.336693748732972e-05,8.281717369052047e-05
8.108792016623693e-05,8.230982501592827e-05
8.082086729847666e-05,8.231608637362894e-05
7.965443846934259e-05,8.196743278026477e-05
8.10525356409742e-05,8.254656361427653e-05
7.990226420018859e-05,8.173954321000836e-05
7.941855333458557e-05,8.154683997586586e-05
7.96299202854491e-05,8.146222209702702e-05
7.962173415698355e-05,8.178532713513664e-05
7.966800302977326e-05,8.157917205155777e-05
7.974076069505754e-05,8.107212240420053e-05
8.001831428364221e-05,8.150037026107682e-05
7.932112982021551e-05,8.108129486760976e-05
7.939419926395829e-05,8.112874992126106e-05
8.023800520929555e-05,8.099182746626605e-05
7.949674395007091e-05,8.088473910442227e-05
8.003302647572275e-05,8.087827933501208e-05
8.072304810430253e-05,8.095290361750525e-05
7.90918586044243e-05,8.100297564854582e-05
7.916527620641364e-05,8.092571550490043e-05
7.906926128803988e-05,8.075521703740498e-05
7.983516196772043e-05,8.084976464982475e-05
7.903289468488608e-05,8.070298121896211e-05
8.076992436521451e-05,8.077357119118229e-05
7.902154867417376e-05,8.09263033117282e-05
7.90946679178042e-05,8.051819074846592e-05
7.917217218265352e-05,8.050754437668186e-05
7.885349523440718e-05,8.053774348590673e-05
7.889242544405708e-05,8.06000056787775e-05
7.892978163624201e-05,8.068571438838523e-05
7.882502358912424e-05,8.072732325680453e-05
7.877625612309202e-05,8.03960765037429e-05
7.895142234793647e-05,8.041299667132785e-05
7.921585384250685e-05,8.058432825000132e-05
7.931671296117e-05,8.048455368994067e-05
7.874585449697939e-05,8.04008794113692e-05
7.888577940798543e-05,8.054988027083556e-05
7.875403499576461e-05,8.030442470879634e-05
7.889174350309233e-05,8.035275634285249e-05
