val_loss,loss
0.00016192822217167953,0.0002452507810067927
0.00013862845623537266,0.00015244173932208062
0.0001345151469130152,0.0001415807979170202
0.00013334238883544458,0.00013835658124887728
0.00013226800027561176,0.00013659718385366961
0.00013229625502780045,0.00013693939961450933
0.00013193245428867937,0.0001358960065225639
0.0001316144443990197,0.00013430014732447023
0.0001320197902064787,0.00013466372116572225
0.00013359290486343007,0.0001336898333956817
0.00013223862437631136,0.00013503444730189823
0.00013149475034879288,0.00013321092296121845
0.00013141889082492395,0.00013427135548821955
0.00013128817707703483,0.00013269351580667845
0.00013087036430598737,0.00013571913747029098
0.0001316282878178754,0.00013263464651963892
0.00013067685033872425,0.0001326812894676157
0.00013087864785380328,0.00013260512044063215
0.00013099277033948705,0.00013303189240633886
0.00013048330505885782,0.00013224156353849558
0.00013038669983091365,0.00013197045076548348
0.00012982536385866946,0.0001317582836413293
0.00013094034056848614,0.0001333064752965269
0.00013032810199677312,0.0001318060700439259
0.00013028217641216803,0.00013185423330967872
0.00013003837427407104,0.0001324897877927339
0.0001295847701580247,0.00013124946804903814
0.00012943721750551567,0.00013119841714296764
0.00012977549717366595,0.0001319273302815525
0.0001299307781924394,0.00013239586354228292
0.00013039598590174655,0.000131668035021694
0.00012955666534253396,0.00013089313983223318
0.00012989073379035939,0.00013129092764197658
0.00013005770701316318,0.00013090867408750714
0.00012976420657651033,0.0001319164056241721
0.00013007428814099903,0.00013111796750859056
0.00012989416622336388,0.0001305681157583638
0.0001296988605515383,0.00013183673294485238
0.0001290891254289558,0.00013061020547210298
0.00012972968293719793,0.0001310661557146068
0.000129060085393056,0.0001321811685589058
0.0001293904983218194,0.0001308982020833169
0.00013022068950314342,0.0001317165278497313
0.00012919903565489221,0.00013224785100938093
0.00012978666317004745,0.0001304728026005068
0.00012952046108694049,0.00013046699357029207
0.0001288711522907501,0.00013050354086262885
0.0001293104666858978,0.00013099773894171624
0.00012929388828654607,0.00013008454249287116
0.00012963477417672818,0.0001302086776914944
0.00013071146947498034,0.00013161425064269852
0.00012912671081721783,0.0001309795367829035
0.00012903377410111716,0.00013057906148600262
0.00012924146007467892,0.00013059791736602089
0.00012937551127834013,0.00013066377278741207
0.0001288387269856425,0.00013132542104154736
0.0001290231445766819,0.00013023649920946835
0.0001287572994052815,0.00012965532253193988
0.0001288358575298584,0.00012973889819788243
0.00012851874855966474,0.00013003396482423244
0.00012852279412202603,0.00013082869693294738
0.00012856093027429388,0.00013032822496285626
0.00012834188094400036,0.00013019836740225208
0.00012876087501873762,0.0001298168648438243
0.00012908035127371216,0.0001295222742137662
0.00012861869812955514,0.00013044143210198139
0.0001285432252708623,0.00012971619402242767
0.00012874552417737765,0.0001296617767923605
0.00012867473638574926,0.0001294309795715879
0.0001290166905424225,0.0001297329159884408
0.00012945119851792697,0.00012952188204108027
0.00012859093320522725,0.00012981963928510785
0.00012908343783887437,0.0001294955230477652
0.00012884383457795984,0.0001309894915794348
0.00012889910106293558,0.00012936088834211782
0.00012944567359746934,0.00012906703122579063
0.00012920015953048796,0.0001293653118098658
0.00012881068375593583,0.00013056727313385792
0.000129078372992808,0.00012933024443873096
0.0001291180608729649,0.00013000887554984682
0.00012890712930259594,0.0001300496366508543
0.00012858826695654507,0.00012917630638881937
0.00012893355908870165,0.00012916334434895005
0.00012880416475776916,0.00013062702907280893
0.0001294146529419647,0.00012972469141177124
0.00012859013999591947,0.000130494216973102
0.00012853910707885267,0.00012927300306501358
0.0001285654486439723,0.00012935556871654128
0.00012927655279781902,0.00013135448746300397
0.00012908052082951014,0.00012904937309132932
0.00012880408134411221,0.00012950048233475718
0.00012916327471300195,0.00012898552592000733
0.0001287970195075364,0.00012936252744812134
0.00012894319466535568,0.00013202517668770128
0.00012910614467338228,0.00012914780554798943
0.00012937743745819068,0.0001295859517223359
0.0001295909024910153,0.00012975164647612076
0.00012856452264843808,0.00012905730151222317
0.00012872226177153477,0.00012934165745724288
