val_loss,loss
0.00010335796787238896,0.0001117705010989513
9.842963202508411e-05,0.00010420404998471631
9.415096399313159e-05,0.00010143383089983163
8.803975969468328e-05,9.589316012466548e-05
8.28754447278275e-05,8.884391223659147e-05
7.936180020374425e-05,8.579585983113843e-05
7.878237655574475e-05,8.097509617848521e-05
7.79274587679391e-05,7.970170333358228e-05
7.672830182891997e-05,7.933304550163765e-05
7.6316954815558e-05,7.857104586976424e-05
7.616197366991805e-05,7.878734442510916e-05
7.58010275089276e-05,7.815390844126657e-05
7.587989096675595e-05,7.7746726805332e-05
7.568074622828833e-05,7.792605127979421e-05
7.577173885444856e-05,7.7610648351535e-05
7.530323609255838e-05,7.745571413803088e-05
7.536179000086086e-05,7.797787740462887e-05
7.522276736739458e-05,7.720105215067795e-05
7.536208012783335e-05,7.736430794617037e-05
7.511253344927528e-05,7.690558496309859e-05
7.557312570185392e-05,7.769058589787309e-05
7.547242738920348e-05,7.692705592745321e-05
7.507042992258012e-05,7.725246812763868e-05
7.533123906327863e-05,7.697259214202132e-05
7.505726546632371e-05,7.678503585812867e-05
7.495532877098844e-05,7.666926104994831e-05
7.510635070796736e-05,7.676454296854747e-05
7.490035135597649e-05,7.67531526450309e-05
7.509709710097693e-05,7.678795821613168e-05
7.500136013888293e-05,7.663230515481368e-05
7.488166606477039e-05,7.68377516522032e-05
7.496688713677077e-05,7.658332505853445e-05
7.499139025428737e-05,7.674341201009502e-05
7.497804048894481e-05,7.654873039600205e-05
7.51186146211547e-05,7.643102388394719e-05
7.504180057275325e-05,7.657703562802711e-05
7.498280535924785e-05,7.651738140068824e-05
7.493147440431075e-05,7.635867354334338e-05
7.492599452050835e-05,7.64858869774655e-05
7.48262149922672e-05,7.637888163594443e-05
7.492949959182303e-05,7.631086806666795e-05
7.486703897934558e-05,7.637028495189028e-05
7.490640452644327e-05,7.632635806054309e-05
7.518870763967491e-05,7.637281918814976e-05
7.509639994664626e-05,7.636801314914682e-05
7.478813802461244e-05,7.648088971439385e-05
7.483339070335425e-05,7.628567984572146e-05
7.49849716249637e-05,7.638774636553311e-05
7.492119810635675e-05,7.623582797088907e-05
