val_loss,loss
0.0001022508168578938,0.00011355742794263877
8.906777662982355e-05,0.0001023573029330063
8.068709174756695e-05,8.794212697723906e-05
7.957131516616415e-05,8.492190987577556e-05
7.925371475096773e-05,8.571221260150364e-05
7.77495536374662e-05,8.043013857984817e-05
7.73426502351555e-05,8.082587863113082e-05
7.690416963246528e-05,7.979728107461583e-05
7.673787290284485e-05,7.988016686683345e-05
7.679060394311267e-05,7.883277469418782e-05
7.786982345296014e-05,8.35832665537558e-05
7.626125860942829e-05,7.81602305680753e-05
7.598939609850258e-05,7.777689032646577e-05
7.588762125280225e-05,7.748160278330972e-05
7.573579096428184e-05,7.76618163549362e-05
7.554933264430593e-05,7.742661712770525e-05
7.538868417443632e-05,7.754970438052968e-05
7.533057977332536e-05,7.71881798594889e-05
7.523331327265072e-05,7.708346782178597e-05
7.526110621072784e-05,7.720802794672617e-05
7.497433904026908e-05,7.724074548343937e-05
7.486264068501615e-05,7.687771220732548e-05
7.489708083507728e-05,7.678715239620875e-05
7.506725691421183e-05,7.68994696462241e-05
7.490991674142542e-05,7.649603241772708e-05
7.437217036659613e-05,7.670675296806089e-05
7.45192516008345e-05,7.644128742580905e-05
7.386556198888674e-05,7.58753062698428e-05
7.392267649228957e-05,7.573812807949075e-05
7.373862895430207e-05,7.549241806785822e-05
7.377408713577409e-05,7.52530258801596e-05
7.381357359605833e-05,7.532786274485043e-05
7.344837102926138e-05,7.527812005552422e-05
7.361433881210313e-05,7.514670047259669e-05
7.330939425637645e-05,7.50382909309577e-05
7.324502822493833e-05,7.492935080699348e-05
7.332267157081986e-05,7.50130305583772e-05
7.32285333497478e-05,7.486595482854953e-05
7.330884145998461e-05,7.512020827135554e-05
7.309417872080542e-05,7.500609270635834e-05
7.30866794794859e-05,7.47372597147275e-05
7.306313947092441e-05,7.471558809386894e-05
7.321864914506523e-05,7.46453914287522e-05
7.342928126830645e-05,7.46795186226572e-05
7.296499279986202e-05,7.489138200593039e-05
7.292955082393195e-05,7.459964904558714e-05
7.296308715306834e-05,7.462111631178983e-05
7.295910230951826e-05,7.481715618448894e-05
7.292584802295702e-05,7.488016230802107e-05
