val_loss,loss
9.181554513898762e-05,0.00010955432365809273
8.566724853778277e-05,9.12057971280322e-05
8.139683887941029e-05,8.628950191388333e-05
8.003549280487039e-05,8.40413714118785e-05
7.85450297031514e-05,8.210794959753696e-05
7.750680202717018e-05,8.114635193423193e-05
7.713909166561666e-05,8.035326309658484e-05
7.710542342851334e-05,7.947928969812081e-05
7.688766687866206e-05,7.917133764246324e-05
7.705192473796996e-05,7.886785437857058e-05
7.702442367603494e-05,7.823836437230601e-05
7.668958992739632e-05,7.843696121594541e-05
7.600113221813426e-05,7.781421783210307e-05
7.654909709482594e-05,7.774628716410373e-05
7.60906250562961e-05,7.730499224311869e-05
7.534380618546328e-05,7.725603355595541e-05
7.54833686508878e-05,7.737447215414088e-05
7.572576103466234e-05,7.716980376220747e-05
7.539440854511346e-05,7.700716434535889e-05
7.504050583446944e-05,7.695829056848472e-05
7.47298716709742e-05,7.678233688614013e-05
7.435976859238563e-05,7.716041441886346e-05
7.443362894007051e-05,7.622895146958146e-05
7.395925633244762e-05,7.648125354947426e-05
7.370205142187199e-05,7.553091864482399e-05
7.379044450271518e-05,7.539541827780465e-05
7.349561762906649e-05,7.532622070015978e-05
7.359985233639658e-05,7.525654946530603e-05
7.331022471506996e-05,7.513429855541694e-05
7.335474378619851e-05,7.516155188155217e-05
7.336125803189447e-05,7.507671842483343e-05
7.381523076522474e-05,7.502551569329176e-05
7.322285705918653e-05,7.497689565892376e-05
7.317289264668061e-05,7.49807675694404e-05
7.349445105052901e-05,7.48711610809902e-05
7.303671710277822e-05,7.491362127228434e-05
7.309378091700967e-05,7.475276791060933e-05
7.28444585584297e-05,7.472354816195416e-05
7.284129952136992e-05,7.452780202912353e-05
7.278814299926962e-05,7.477585156687226e-05
7.309692539480478e-05,7.453378559847753e-05
7.27282254442201e-05,7.477730205035557e-05
7.28946452624649e-05,7.446307218389728e-05
7.275865650488853e-05,7.444664286203091e-05
7.26318061957371e-05,7.431407487362144e-05
7.264843683000748e-05,7.456725937498897e-05
7.270140044368813e-05,7.435689273014445e-05
7.29237718835727e-05,7.426581318812453e-05
7.267417589754026e-05,7.433638190035276e-05
