val_loss,loss
0.00015169511109089593,0.00047627317151855266
0.00011448595870399114,0.00012610201590715692
0.00010971312621029827,0.00011475589236168283
0.00010580822370941704,0.00011065240601033554
0.00010200348420179157,0.00010690749685620804
9.822720200801739e-05,0.00010320693122055466
9.367331059007538e-05,9.91707488455286e-05
8.495307125173499e-05,9.304753241636019e-05
6.65034417717393e-05,7.850148127812212e-05
5.388645570774591e-05,6.188042651286261e-05
4.8949621600743305e-05,5.352922942655203e-05
4.626380529835576e-05,4.963431336203554e-05
4.497966529934366e-05,4.739882091752272e-05
4.363804596277528e-05,4.5239337108437605e-05
4.259844281477854e-05,4.3757740948347424e-05
4.126447089918362e-05,4.257745346278427e-05
4.00872073901201e-05,4.169738252484249e-05
3.931631893125325e-05,4.102090229442322e-05
3.874027100421084e-05,4.047269399156752e-05
3.8429602753956604e-05,4.010057718960859e-05
3.803363477051578e-05,3.966274223542099e-05
3.7565426780451843e-05,3.930431749207528e-05
3.714446123775255e-05,3.897162820685453e-05
3.658181879224933e-05,3.8677806999103314e-05
3.6312997403773336e-05,3.821628356558348e-05
3.6158188543990345e-05,3.780875726572682e-05
3.5987473661820825e-05,3.754881558822652e-05
3.5948032731392583e-05,3.734091345186609e-05
3.572143903125614e-05,3.714396868765293e-05
3.5636331434796724e-05,3.697507517708682e-05
3.5336379023830905e-05,3.680686842424376e-05
3.514853595683088e-05,3.6770866596322956e-05
3.496136597470578e-05,3.657849505278498e-05
3.479785653950665e-05,3.642715188512586e-05
3.4892275039285344e-05,3.647648869135907e-05
3.468382741575073e-05,3.627763950494203e-05
3.453895514754513e-05,3.6272763814506016e-05
3.4427874756276116e-05,3.608457421198901e-05
3.429357502774119e-05,3.6094500426425345e-05
3.4232905395905194e-05,3.5915561205817126e-05
3.409966861863263e-05,3.59312041356099e-05
3.400641744703553e-05,3.582213566589884e-05
3.3916572680358185e-05,3.576282350216869e-05
3.3878303157057464e-05,3.569184913903672e-05
3.3809221555441244e-05,3.553893500108208e-05
3.375984476103137e-05,3.5607678426668976e-05
3.3742304698204286e-05,3.5438922548111826e-05
3.3640989516638316e-05,3.5525109500914544e-05
3.3728268912951036e-05,3.534838756556597e-05
