val_loss,loss
0.0001908072712889995,0.0002837584932725435
9.731566784797575e-05,0.0001479767673539859
5.813470710600454e-05,7.287350296997309e-05
4.9807421806929255e-05,5.513154151644307e-05
4.3538981400262044e-05,4.808878230232787e-05
3.921918309648813e-05,4.26884886757652e-05
3.638818760909907e-05,3.909801645614961e-05
3.467519501752733e-05,3.69035434457329e-05
3.3173875654212696e-05,3.5022599660227064e-05
3.091689515823611e-05,3.293459975365159e-05
2.9140820929156192e-05,3.098284187543629e-05
2.805963358512581e-05,2.935289623763786e-05
2.6901107904826986e-05,2.8244713434735902e-05
2.596126773410519e-05,2.7243009524172798e-05
2.598109944797629e-05,2.6028217472945673e-05
2.2961242108857447e-05,2.42934818610359e-05
2.2143908272758407e-05,2.306351353381044e-05
2.1254019303902315e-05,2.2254292772443144e-05
2.0686493742760657e-05,2.1649241808703244e-05
2.0143000948897828e-05,2.1153454487541913e-05
1.9781432914014935e-05,2.072181224972899e-05
1.954508886476767e-05,2.0313151462426944e-05
1.9002042939643037e-05,2.0031869621450918e-05
1.8815467862595774e-05,1.9699331062431367e-05
1.8434100800530158e-05,1.945409555917466e-05
1.8266422697284138e-05,1.9125742451662952e-05
1.7964054701462943e-05,1.8848507685191704e-05
1.777381987285664e-05,1.854844845845255e-05
1.746945029049359e-05,1.8278399103704763e-05
1.7122958653466542e-05,1.802695989329062e-05
1.7019954931597705e-05,1.7997894855591388e-05
1.6747026468995802e-05,1.7512805349486597e-05
1.666701135385518e-05,1.7605205837811742e-05
1.6523105685594446e-05,1.732009668321499e-05
1.6411248484795155e-05,1.7189183018465215e-05
1.6316614059950086e-05,1.7050223856463678e-05
1.621777603694948e-05,1.6937223739013394e-05
1.6104972627260277e-05,1.6824636049593904e-05
1.6022604223057943e-05,1.6757824990806202e-05
1.595275974647269e-05,1.6624496342344553e-05
1.5892653764331963e-05,1.6544308650824455e-05
1.5812767646775224e-05,1.6453076200530606e-05
1.5725856937566242e-05,1.6360948083641084e-05
1.564251586460894e-05,1.6269861979916667e-05
1.5542297849679753e-05,1.6177271411840686e-05
1.5852419449521506e-05,1.609056494801626e-05
1.5765719397659084e-05,1.601902810779107e-05
1.540100641461616e-05,1.584831939836293e-05
1.5192158512357797e-05,1.5703613715761613e-05
