val_loss,loss
0.00014320543204020294,0.0002243684739108006
0.00010059115184692083,0.00012364668241224598
5.8588851515187255e-05,8.027416309010877e-05
4.709451911339508e-05,5.4701553788012e-05
4.308048900007505e-05,4.7549565202018504e-05
4.0979426205122954e-05,4.381261787197165e-05
3.858191716558808e-05,4.092187227829074e-05
3.546965603200446e-05,3.83221439712841e-05
3.3799895828277e-05,3.608965983684227e-05
3.2409035610717094e-05,3.420361352054818e-05
3.1415055439933294e-05,3.2524296270594865e-05
2.9086735862574182e-05,3.080028725678149e-05
2.7249872815592987e-05,2.897064236744133e-05
2.6010109051107195e-05,2.7389006315261853e-05
2.4902951969639304e-05,2.5877239030022097e-05
2.396730259983951e-05,2.4596398052671255e-05
2.312101801502227e-05,2.355883840273663e-05
2.2449465078269978e-05,2.287961196399725e-05
2.1973064110051097e-05,2.2354608751797187e-05
2.1582530109409356e-05,2.210935789679084e-05
2.124273077692987e-05,2.158815230698169e-05
2.080824803734419e-05,2.1283932820205966e-05
2.046727386186831e-05,2.099769090208098e-05
1.9810853079590487e-05,2.074555702534316e-05
1.983430241428626e-05,2.0489403063998153e-05
1.9432244127271742e-05,2.021074225148503e-05
1.9302804881737407e-05,1.9929553059414927e-05
1.870501051010738e-05,1.9736948355992293e-05
1.8422490224239858e-05,1.9311934859703856e-05
1.8011315764989843e-05,1.9103636500777737e-05
1.765756496384674e-05,1.8735394849945576e-05
1.750078509491751e-05,1.8408300090597842e-05
1.7120272057563667e-05,1.8111764698798404e-05
1.6900475167509432e-05,1.7742402235178153e-05
1.644617762514202e-05,1.7467351953593745e-05
1.597888690366285e-05,1.722854172432445e-05
1.5817563623634422e-05,1.6982751532842646e-05
1.5663590843038458e-05,1.682435412666124e-05
1.5510892571359307e-05,1.6680761983422678e-05
1.5357048768136236e-05,1.655236437414318e-05
1.5268431516141382e-05,1.6434113165419996e-05
1.516985889839366e-05,1.6327426170379725e-05
1.4999717154062113e-05,1.6238727094679437e-05
1.4905611961427959e-05,1.610942520351889e-05
1.4845622912745434e-05,1.6026451876115765e-05
1.4751981371323428e-05,1.5940354446927114e-05
1.4669039827445757e-05,1.584322438224127e-05
1.4595506326433605e-05,1.576046128455248e-05
1.4537775788278051e-05,1.568669270261488e-05
