val_loss,loss
0.0003570329608405103,0.000521069622030795
0.00017472762024180606,0.0002503404532065816
0.00012831969027621483,0.00015127131849223226
0.00011076689355317597,0.00012323201896623275
0.00010048070228117696,0.00010901183447424264
9.106119629142646e-05,9.885082591577887e-05
7.763651792445652e-05,8.806022832509735e-05
5.813892142149864e-05,7.132137532656515e-05
4.6942510247886686e-05,5.3822279058778215e-05
4.1915520598948466e-05,4.561685572740321e-05
3.845608140788196e-05,4.115172552319864e-05
3.598435937924983e-05,3.845958940994576e-05
3.4146731504182695e-05,3.650230403860083e-05
3.318763769074752e-05,3.526485209533048e-05
3.247362171047522e-05,3.4395009673927016e-05
3.159643611897164e-05,3.359024467330523e-05
3.0922880805611397e-05,3.2857632570891936e-05
3.0164392926669067e-05,3.209938040044169e-05
2.940324577708691e-05,3.1330931717365166e-05
2.8704533391959044e-05,3.0638355951777155e-05
2.8197032956123078e-05,2.9962055990989967e-05
2.739633687591354e-05,2.927441622653441e-05
2.6860928178072267e-05,2.862881993261273e-05
2.636173472509277e-05,2.7972880798891863e-05
2.5888020801093344e-05,2.7350354357458027e-05
2.5481428460669564e-05,2.675708294592975e-05
2.5197742731754923e-05,2.6230462872507e-05
2.506912796613478e-05,2.5714163490504522e-05
2.4879879481776506e-05,2.5223945547212348e-05
2.4763272728769794e-05,2.4846272193890598e-05
2.4465439789558084e-05,2.457166119782036e-05
2.434152364995415e-05,2.4326519902239855e-05
2.4119650569069435e-05,2.4213467327987584e-05
2.3974186486230617e-05,2.4060092812315718e-05
2.3829431460160207e-05,2.3923049392350793e-05
2.371860219232122e-05,2.3817589550794345e-05
2.3872919138573874e-05,2.3863662915785896e-05
2.3741780982659706e-05,2.363976566810934e-05
2.3507290829038905e-05,2.3486548404342525e-05
2.3278337877597706e-05,2.3347236095478646e-05
2.3167170748094595e-05,2.3252221504327908e-05
2.3107105759360515e-05,2.317081969051003e-05
2.3063352975184145e-05,2.3082492256443598e-05
2.2918306072971624e-05,2.301221546860629e-05
2.2869384999715045e-05,2.289399891819688e-05
2.2727814087035096e-05,2.2838320816711786e-05
2.261693501563371e-05,2.2695687218016832e-05
2.248604104159202e-05,2.2602797682679866e-05
2.234377505080163e-05,2.2419569885610666e-05
