val_loss,loss
0.0002509161071778943,0.00030629849174607896
0.00015873623035279,0.0002141257257612582
0.000117251933026104,0.00013623934747918602
0.00010794153323248875,0.00011564452568252204
0.00010275483734651722,0.00010888685861978112
9.608760989398102e-05,0.00010323585327869313
7.096298170220719e-05,8.936581629687834e-05
4.9479179561427425e-05,6.0215321098852204e-05
4.478187479297489e-05,4.9087239841893856e-05
4.222518688369415e-05,4.543015582377376e-05
4.060098732280136e-05,4.306046470878623e-05
3.964418327895045e-05,4.136431086426601e-05
3.901142461638136e-05,4.0197910359357886e-05
3.844532093537073e-05,3.9351446787752286e-05
3.75804997828608e-05,3.8531404583969755e-05
3.673587722519784e-05,3.7385051514683485e-05
3.5895746788644996e-05,3.633974233666143e-05
3.502835580832772e-05,3.5567118588299506e-05
3.428926114554428e-05,3.488673694731884e-05
3.3540357529118684e-05,3.430005428620417e-05
3.277083025860713e-05,3.382368720607105e-05
3.2454252975341404e-05,3.337295491887554e-05
3.215995592369717e-05,3.2975649428990174e-05
3.176753819232802e-05,3.2631223924244815e-05
3.1399978553338887e-05,3.2263455952448736e-05
3.106893668103507e-05,3.198740018948095e-05
3.0703702125747714e-05,3.171021473794011e-05
3.0333287625149073e-05,3.14581963298419e-05
2.989861704091626e-05,3.119723290505172e-05
2.963188434836356e-05,3.095317783808481e-05
2.93915735535921e-05,3.068208791378243e-05
2.9103882314467973e-05,3.0402581117459262e-05
2.8681434258657525e-05,3.0080434090984648e-05
2.8344428166306126e-05,2.970486152299088e-05
2.8055198844863252e-05,2.951410947441262e-05
2.773928434254056e-05,2.9084812606224546e-05
2.7409608821582163e-05,2.888984341839142e-05
2.707085840291146e-05,2.835156011309605e-05
2.6764014947188154e-05,2.802545211633274e-05
2.6240651755190378e-05,2.7737008448989157e-05
2.574613439113212e-05,2.7262599104942902e-05
2.515919093069658e-05,2.6589235767548397e-05
2.4544672983624463e-05,2.6122237233747653e-05
2.3604482747473276e-05,2.5161607731655936e-05
2.2709092948876198e-05,2.476990737496287e-05
2.2220887669134e-05,2.395804118512669e-05
2.1668674702540914e-05,2.3038979017579718e-05
2.148834919536985e-05,2.3111064761296253e-05
2.104008973504398e-05,2.2442411578798688e-05
