val_loss,loss
0.0024138338048942387,0.0028907809532768953
0.0017522973399276712,0.002068753900419928
0.0012430862781392144,0.0014880446324670186
0.0008466847128667203,0.0010314501502024182
0.0006152514179120772,0.0007216558457317457
0.0004825457991890809,0.0005457738434647947
0.00039853771522757597,0.0004415337685545932
0.00033373737070568107,0.00036888367330384657
0.0002460927901535927,0.0002869101737711436
0.0001801082429925113,0.0002124132333203971
0.00014604369165941274,0.00015905350614233904
0.00012439393146580966,0.0001316192765425834
0.0001094649526619053,0.00011204696636312378
9.818887071690239e-05,9.793555669202688e-05
9.110958951298796e-05,8.921386656792919e-05
8.667734677406511e-05,8.382472599918194e-05
8.352510790895653e-05,8.028906659681825e-05
8.111450486986931e-05,7.77866286620434e-05
7.905562974234012e-05,7.603049042412471e-05
7.77695228342574e-05,7.472848329636015e-05
7.695425311534823e-05,7.383602315160649e-05
7.651671395641253e-05,7.319518942525427e-05
7.611911691388482e-05,7.275367894245143e-05
7.572197971837471e-05,7.245244955498664e-05
7.52472928655022e-05,7.209043872237003e-05
7.491029204434849e-05,7.177213043957256e-05
7.454914433375441e-05,7.144403479661022e-05
7.424517960836445e-05,7.1148114002855e-05
7.392922374752484e-05,7.087428269478765e-05
7.363251185259807e-05,7.05898059567211e-05
7.33282056769115e-05,7.027891581289814e-05
7.290914033676797e-05,7.000193979020719e-05
7.25401776630211e-05,6.968501847432212e-05
7.200754599320394e-05,6.941076867718777e-05
7.138784176926752e-05,6.909868743480252e-05
7.089204518706538e-05,6.876023220405401e-05
7.030541733651521e-05,6.84417831407682e-05
6.978315484827493e-05,6.812153671940076e-05
6.932804672032944e-05,6.783081952542843e-05
6.883031106294116e-05,6.75645268920794e-05
6.841521953252336e-05,6.730594749210566e-05
6.806909654447477e-05,6.707382993160816e-05
6.777921008246526e-05,6.68720203082268e-05
6.752085011742435e-05,6.672556406906614e-05
6.732339391289446e-05,6.65749685497692e-05
6.715787120421217e-05,6.645885104546666e-05
6.699455376032606e-05,6.636671937869684e-05
6.681859583425518e-05,6.62724948806374e-05
6.665063259398656e-05,6.622705364497246e-05
6.650380951863813e-05,6.614536492859355e-05
6.634513413570988e-05,6.61102876941763e-05
6.621052001979219e-05,6.605057317743784e-05
6.607490896775354e-05,6.600326796722473e-05
6.590995508304331e-05,6.596326829375213e-05
6.577630954650106e-05,6.592765420015781e-05
6.565036138843945e-05,6.589347944178774e-05
6.551806148179042e-05,6.586205836892433e-05
6.538875865252132e-05,6.58320732863459e-05
6.52695468618601e-05,6.58049478016296e-05
6.515523182315519e-05,6.578001861975341e-05
6.499605154073964e-05,6.575548203940154e-05
6.488391139620424e-05,6.572668104745175e-05
6.477167120725167e-05,6.570567943535773e-05
6.465662155668335e-05,6.568477939720443e-05
6.454711183323525e-05,6.566383148282116e-05
6.443994318163147e-05,6.564436222099304e-05
6.433181754670971e-05,6.562518986540779e-05
6.422917830864858e-05,6.560762510335344e-05
6.413286398908115e-05,6.559016091819058e-05
6.403669846934333e-05,6.557353258903471e-05
6.394475755249524e-05,6.555771897415436e-05
6.386824088622234e-05,6.554695809729331e-05
6.38185115998827e-05,6.553185837678859e-05
6.375531448351726e-05,6.551264188658814e-05
6.371709754863073e-05,6.550064333574457e-05
6.367373725879588e-05,6.548819709908856e-05
6.363083298310812e-05,6.547711962872996e-05
6.359225397188441e-05,6.546361411485179e-05
6.355554663579304e-05,6.545232362260842e-05
6.351878024750996e-05,6.544115051414684e-05
6.348245122873257e-05,6.543092891225232e-05
6.344756694228895e-05,6.54209530847728e-05
6.341321513251128e-05,6.54109792049342e-05
6.338464079038073e-05,6.541558206291807e-05
6.33440750529449e-05,6.53938724815652e-05
6.331016330867507e-05,6.53836923018832e-05
6.327376289456359e-05,6.53752642521298e-05
6.324367005358258e-05,6.536674086446027e-05
6.321158373014311e-05,6.53581866290176e-05
6.317911457439809e-05,6.535049449806358e-05
6.314994314899585e-05,6.534301015716627e-05
6.313375979516422e-05,6.534940379056284e-05
6.3102261070266e-05,6.532661977255158e-05
6.306693496428904e-05,6.532124271837049e-05
6.303813269628986e-05,6.531342701764122e-05
6.300707345222431e-05,6.530672258006505e-05
6.297568640028268e-05,6.52997384862693e-05
6.294930952727944e-05,6.52947094451434e-05
6.291921619906913e-05,6.530445044788084e-05
